174
213
197
195
152
68
197
175
190
108
53
128
177
63
53
54
218
28
77
77
114
123
15
61
140
149
22
226
216
242
95
20
247
21
51
146
157
88
218
108
175
231
161
204
178
111
191
31
220
199
238
249
168
14
87
173
121
33
157
197
164
232
146
68
13
245
144
145
87
191
59
211
50
247
119
169
120
37
238
44
62
111
114
225
147
82
84
110
59
121
87
194
64
155
10
174
175
70
202
209
118
189
174
154
214
180
108
179
56
34
113
64
101
146
97
166
70
160
64
208
160
31
81
226
28
96
133
61
20
216
85
237
171
112
19
69
86
184
78
227
230
241
194
205
164
113
83
99
96
20
127
181
209
62
62
166
108
245
47
219
156
46
224
141
159
114
94
167
132
100
96
134
224
46
218
127
137
97
202
209
114
153
37
14
209
124
140
225
26
72
119
237
91
239
234
210
219
189
106
155
203
14
148
181
92
164
126
87
14
211
238
49
52
32
58
80
178
218
78
95
116
123
133
102
36
193
192
127
191
205
226
208
111
11
208
59
92
52
86
105
216
110
229
125
162
211
184
100
135
137
151
240
220
232
231
138
18
127
24
200
163
241
91
154
193
62
110
203
66
179
246
139
164
124
71
109
25
109
58
112
27
191
60
230
101
164
112
86
165
185
131
65
245
194
93
179
242
84
173
213
221
213
241
234
210
86
240
114
233
25
221
146
120
250
30
44
44
221
66
232
249
22
246
184
227
46
210
139
223
89
28
148
223
159
101
123
148
215
79
29
234
44
16
158
192
55
193
230
211
46
214
13
239
97
40
56
64
182
70
209
90
181
40
148
147
199
218
13
106
204
157
240
185
172
17
82
220
88
215
172
131
51
55
127
129
65
113
23
179
108
181
196
222
195
10
242
231
58
230
230
103
169
233
141
188
18
130
12
249
52
141
153
23
80
71
189
228
209
122
114
101
148
145
66
89
149
85
72
51
112
102
187
55
198
193
176
135
215
123
142
86
110
238
52
160
177
231
85
194
224
110
213
175
45
118
208
166
106
115
205
217
167
13
215
54
78
209
217
64
94
96
234
242
200
52
67
239
170
82
229
147
245
15
243
212
169
52
175
231
117
198
217
214
164
232
63
147
228
86
188
16
39
194
121
243
186
247
83
117
58
92
169
54
192
107
85
75
180
64
109
95
195
242
226
185
46
211
156
98
242
11
84
22
95
152
62
33
123
161
162
240
153
217
42
250
159
48
242
104
160
113
180
15
171
199
15
129
63
44
171
171
199
206
186
137
102
168
171
105
37
168
30
61
124
197
184
57
73
58
103
17
226
232
53
160
119
62
95
37
156
57
89
145
59
69
225
124
128
178
11
133
48
120
216
223
229
59
72
104
67
119
213
188
162
150
249
55
195
225
207
173
66
208
23
163
163
98
42
61
50
209
114
238
238
167
167
248
17
211
120
207
135
96
160
104
48
13
212
119
75
72
110
224
196
185
20
114
15
31
95
102
139
178
64
28
39
81
123
227
191
165
99
215
179
132
88
28
223
54
82
142
233
26
46
105
246
210
28
119
229
152
57
79
71
245
34
140
86
234
244
23
175
84
153
146
162
142
40
176
14
161
142
194
92
104
10
57
84
25
234
232
51
24
64
115
156
147
114
127
114
192
163
184
197
38
189
39
149
224
152
78
231
35
18
203
235
193
106
183
174
150
147
36
46
158
42
129
87
20
44
48
13
123
167
63
120
69
219
